0,1.0103049683323497,1.9867965442069413,1.0218554779357476,1.3864622913028815,2.2242421840987538,1.9988673176508098,2.2131466268093241,2.8163555112260736
1.0103049683323497,0,0.97649165534143023,1.4168994246120652,0.97296503181940597,1.3955463226974174,2.2574946889573466,1.983615447554937,2.2180056503271759
1.9867965442069413,0.97649165534143023,0,2.2085598823197934,1.3938120910049467,0.99359616331308798,2.8457219540563439,2.2229667252166725,1.9864421032029242
1.0218554779357476,1.4168994246120652,2.2085598823197934,0,0.96086474383980569,1.9615381594641541,0.97937569113536527,1.3544587591831794,2.1917136925921974
1.3864622913028815,0.97296503181940597,1.3938120910049467,0.96086474383980569,0,1.0019501265356692,1.4519664690029048,1.0107212512751704,1.4299351063188688
2.2242421840987538,1.3955463226974174,0.99359616331308798,1.9615381594641541,1.0019501265356692,0,2.264270578692082,1.4122167592696371,0.99284873496970061
1.9988673176508098,2.2574946889573466,2.8457219540563439,0.97937569113536527,1.4519664690029048,2.264270578692082,0,1.0216340126729233,2.0356163699908492
2.2131466268093241,1.983615447554937,2.2229667252166725,1.3544587591831794,1.0107212512751704,1.4122167592696371,1.0216340126729233,0,1.0140671655524216
2.8163555112260736,2.2180056503271759,1.9864421032029242,2.1917136925921974,1.4299351063188688,0.99284873496970061,2.0356163699908492,1.0140671655524216,0
