0,1,1.7320508075688772,2.6457513110645907,1.7320508075688772,2.6457513110645907,3,4
1,0,0.99999999999999989,1.7320508075688772,0.99999999999999989,1.7320508075688772,2,3
1.7320508075688772,0.99999999999999989,0,1,1.7320508075688772,1.9999999999999998,1.7320508075688772,2.6457513110645907
2.6457513110645907,1.7320508075688772,1,0,1.9999999999999998,1.7320508075688772,0.99999999999999989,1.7320508075688772
1.7320508075688772,0.99999999999999989,1.7320508075688772,1.9999999999999998,0,1,1.7320508075688772,2.6457513110645907
2.6457513110645907,1.7320508075688772,1.9999999999999998,1.7320508075688772,1,0,0.99999999999999989,1.7320508075688772
3,2,1.7320508075688772,0.99999999999999989,1.7320508075688772,0.99999999999999989,0,1
4,3,2.6457513110645907,1.7320508075688772,2.6457513110645907,1.7320508075688772,1,0
