0,0.99998070048222942,2.0027997371913653,0.99880724738131776,1.4124170738893822,2.2340349400870703,1.9950846951270325,2.2332232074617719,2.8234083353778541
0.99998070048222942,0,1.0029127443270509,1.4239467082586994,1.0079864630911473,1.4197064431258704,2.2435540594823253,2.0095141242373624,2.2399407382098597
2.0027997371913653,1.0029127443270509,0,2.2428210088286407,1.4155893841640925,1.0005112998622259,2.832088836504802,2.239860016378993,1.9963105353054802
0.99880724738131776,1.4239467082586994,2.2428210088286407,0,1.0045086530466254,2.0028268847711388,0.99628035910400858,1.4144701139781315,2.2366996111441049
1.4124170738893822,1.0079864630911473,1.4155893841640925,1.0045086530466254,0,0.99832004802921803,1.4165011009749389,1.0015325159934925,1.4109914404429025
2.2340349400870703,1.4197064431258704,1.0005112998622259,2.0028268847711388,0.99832004802921803,0,2.237907172389634,1.4162038455194117,0.99580415291492463
1.9950846951270325,2.2435540594823253,2.832088836504802,0.99628035910400858,1.4165011009749389,2.237907172389634,0,1.0012789180387545,2.003880985659114
2.2332232074617719,2.0095141242373624,2.239860016378993,1.4144701139781315,1.0015325159934925,1.4162038455194117,1.0012789180387545,0,1.0026191114713674
2.8234083353778541,2.2399407382098597,1.9963105353054802,2.2366996111441049,1.4109914404429025,0.99580415291492463,2.003880985659114,1.0026191114713674,0
