0,0.99703557179637003,2.0080705665537577,1.0064860623973402,1.4144295901158186,2.2400689430976919,1.9986546857901206,2.2385567464765446,2.8293885050143235
0.99703557179637003,0,1.0112227931006796,1.4253192534720853,1.0094441915864181,1.4266664936816282,2.2432592806056748,2.0117160283690638,2.2464140829191472
2.0080705665537577,1.0112227931006796,0,2.2447528472306115,1.4136247044363117,0.99273489870035336,2.8291432222473998,2.2335317486558472,1.9912531201544836
1.0064860623973402,1.4253192534720853,2.2447528472306115,0,1.0030551331652067,2.0065222765863497,0.99217023343529898,1.4138981720700923,2.2368886740533553
1.4144295901158186,1.0094441915864181,1.4136247044363117,1.0030551331652067,0,1.0034825210708205,1.4155309357484911,1.0022735004196339,1.4149589981435573
2.2400689430976919,1.4266664936816282,0.99273489870035336,2.0065222765863497,1.0034825210708205,0,2.2408392154958894,1.416808958036581,0.99851919351202945
1.9986546857901206,2.2432592806056748,2.8291432222473998,0.99217023343529898,1.4155309357484911,2.2408392154958894,0,1.0039248886521619,2.0043707764400724
2.2385567464765446,2.0117160283690638,2.2335317486558472,1.4138981720700923,1.0022735004196339,1.416808958036581,1.0039248886521619,0,1.000454877395343
2.8293885050143235,2.2464140829191472,1.9912531201544836,2.2368886740533553,1.4149589981435573,0.99851919351202945,2.0043707764400724,1.000454877395343,0
