0,1.0005998577336765,2.0112094358357648,0.99534651426510379,1.4070435469291049,2.2279365573291909,1.9804276794774875,2.2247166097080466,2.8083694428387012
1.0005998577336765,0,1.012103408194583,1.4531991500449075,1.031946020394878,1.4364259495177116,2.2660253302787798,2.0381048602890655,2.2515927367010464
2.0112094358357648,1.012103408194583,0,2.2630982819979422,1.4197421968638424,1.0021602510188676,2.8432074742596098,2.2513276243997753,1.9852988620218934
0.99534651426510379,1.4531991500449075,2.2630982819979422,0,1.0180466929091037,2.0113076272392507,0.98512751928129794,1.4152398417451033,2.2386668595868264
1.4070435469291049,1.031946020394878,1.4197421968638424,1.0180466929091037,0,0.99328984256228026,1.4234914191475561,1.0062367731098834,1.401328749583479
2.2279365573291909,1.4364259495177116,1.0021602510188676,2.0113076272392507,0.99328984256228026,0,2.2434884954204586,1.4221857612215654,0.98321663122176439
1.9804276794774875,2.2660253302787798,2.8432074742596098,0.98512751928129794,1.4234914191475561,2.2434884954204586,0,1.0052021559980564,2.0155251892006421
2.2247166097080466,2.0381048602890655,2.2513276243997753,1.4152398417451033,1.0062367731098834,1.4221857612215654,1.0052021559980564,0,1.0105940592457257
2.8083694428387012,2.2515927367010464,1.9852988620218934,2.2386668595868264,1.401328749583479,0.98321663122176439,2.0155251892006421,1.0105940592457257,0
