0,1.0258030717827631,1.967084912689429,1.0556045600543371,1.3448616442699581,2.2065855667118153,1.9994241671093134,2.1790840670244749,2.7982798527296722
1.0258030717827631,0,0.94128290619090693,1.4215253617044987,0.93390534604729825,1.3679456513627433,2.2921722693233111,1.9604117590886443,2.1911741105106728
1.967084912689429,0.94128290619090693,0,2.167932805798424,1.3641090520716563,0.98399629561034985,2.872393008268264,2.2037477443320141,1.9661052863444128
1.0556045600543371,1.4215253617044987,2.167932805798424,0,0.90638948132420716,1.9041748990738427,0.95902843882610378,1.26506114914759,2.1252154162982575
1.3448616442699581,0.93390534604729825,1.3641090520716563,0.90638948132420716,0,1.0061467260866208,1.5086757827770587,1.0270155457289332,1.4536765171886523
2.2065855667118153,1.3679456513627433,0.98399629561034985,1.9041748990738427,1.0061467260866208,0,2.3068915421899714,1.4097409769751921,0.98212663958157731
1.9994241671093134,2.2921722693233111,2.872393008268264,0.95902843882610378,1.5086757827770587,2.3068915421899714,0,1.0542686445853122,2.089044278745082
2.1790840670244749,1.9604117590886443,2.2037477443320141,1.26506114914759,1.0270155457289332,1.4097409769751921,1.0542686445853122,0,1.0352915323292529
2.7982798527296722,2.1911741105106728,1.9661052863444128,2.1252154162982575,1.4536765171886523,0.98212663958157731,2.089044278745082,1.0352915323292529,0
