0,0.98870265189251194,2.0324865175272171,1.0259826984002376,1.4150784780908563,2.2520736029878261,1.9946389256764334,2.2460232097762427,2.8322777863775119
0.98870265189251194,0,1.0467149017033772,1.4591927897129806,1.0378457830019909,1.4640531163320103,2.2648768192880784,2.046919007027542,2.2774524882535245
2.0324865175272171,1.0467149017033772,0,2.2709155387056748,1.4124078445502091,0.97104477538637579,2.8317290607617362,2.2261317527006081,1.9651331236476959
1.0259826984002376,1.4591927897129806,2.2709155387056748,0,1.0124809044645089,2.026175874369688,0.96868093554651791,1.4130971316122398,2.2395274822879108
1.4150784780908563,1.0378457830019909,1.4124078445502091,1.0124809044645089,0,1.0139388086837342,1.4195210468272335,1.0090984789058091,1.4172006354614228
2.2520736029878261,1.4640531163320103,0.97104477538637579,2.026175874369688,1.0139388086837342,0,2.255221305120084,1.4246002359202419,0.99410501224769765
1.9946389256764334,2.2648768192880784,2.8317290607617362,0.96868093554651791,1.4195210468272335,2.255221305120084,0,1.0157701885014272,2.0174856437720261
2.2460232097762427,2.046919007027542,2.2261317527006081,1.4130971316122398,1.0090984789058091,1.4246002359202419,1.0157701885014272,0,1.0018581287483921
2.8322777863775119,2.2774524882535245,1.9651331236476959,2.2395274822879108,1.4172006354614228,0.99410501224769765,2.0174856437720261,1.0018581287483921,0
