0,1.0025741624862166,1.9966945279237689,1.0054131898427932,1.40727448987054,2.2331074743304682,1.9996041127154809,2.2303220346737067,2.8254076485341746
1.0025741624862166,0,0.99412036840738371,1.414855036603148,0.99317113211166452,1.4095273363059493,2.2412949752071336,1.995836448248782,2.231539535881589
1.9966945279237689,0.99412036840738371,0,2.2291600772823168,1.4090696856754996,0.9983987507091987,2.8327138860511356,2.23277130311196,1.9966105244055232
1.0054131898427932,1.414855036603148,2.2291600772823168,0,0.99002313174496959,1.9903687797301821,0.99433621166143604,1.3992642578579941,2.2249778230529529
1.40727448987054,0.99317113211166452,1.4090696856754996,0.99002313174496959,0,1.0004236399163982,1.4236475526930419,1.0026694352371435,1.4181357947230924
2.2331074743304682,1.4095273363059493,0.9983987507091987,1.9903687797301821,1.0004236399163982,0,2.2431023250628992,1.4136884680075785,0.99821194750429143
1.9996041127154809,2.2412949752071336,2.8327138860511356,0.99433621166143604,1.4236475526930419,2.2431023250628992,0,1.0053988771607163,2.0089039181199393
2.2303220346737067,1.995836448248782,2.23277130311196,1.3992642578579941,1.0026694352371435,1.4136884680075785,1.0053988771607163,0,1.0035104151171965
2.8254076485341746,2.231539535881589,1.9966105244055232,2.2249778230529529,1.4181357947230924,0.99821194750429143,2.0089039181199393,1.0035104151171965,0
