0,0.97462730076596504,2.0822014370093402,1.0651384204049221,1.4163798698673549,2.2760907172041862,1.9866988367795388,2.260956832292194,2.838079403031649
0.97462730076596504,0,1.1250155088408875,1.5292571710680896,1.0949326468607445,1.5389414452585251,2.3083020921542792,2.1175582835047582,2.339529682039065
2.0822014370093402,1.1250155088408875,0,2.3237089913568889,1.4124529355873241,0.92817459919285317,2.8388630843968286,2.2122811547791872,1.9134606559662515
1.0651384204049221,1.5292571710680896,2.3237089913568889,0,1.032467849818151,2.0658611098856352,0.9217023485830278,1.4121492327716574,2.2455970870255566
1.4163798698673549,1.0949326468607445,1.4124529355873241,1.032467849818151,0,1.0348893207823884,1.4276706261148493,1.0227681350661111,1.4217077688799342
2.2760907172041862,1.5389414452585251,0.92817459919285317,2.0658611098856352,1.0348893207823884,0,2.2842866980573744,1.4402052874246831,0.98540561145230621
1.9866988367795388,2.3083020921542792,2.8388630843968286,0.9217023485830278,1.4276706261148493,2.2842866980573744,0,1.0397665255991781,2.0437265551577868
2.260956832292194,2.1175582835047582,2.2122811547791872,1.4121492327716574,1.0227681350661111,1.4402052874246831,1.0397665255991781,0,1.0048375948189889
2.838079403031649,2.339529682039065,1.9134606559662515,2.2455970870255566,1.4217077688799342,0.98540561145230621,2.0437265551577868,1.0048375948189889,0
