0,1.0048743891583147,2.02807537214106,0.98895994737845605,1.3963691345329772,2.2157431045886269,1.9515236708023613,2.2078297181654634,2.7783717156642824
1.0048743891583147,0,1.0324584068720932,1.5119271521699071,1.079865835215736,1.4709074139104523,2.3110245832953464,2.095494059002613,2.2750458623716052
2.02807537214106,1.0324584068720932,0,2.303732233138839,1.4281607754404879,1.0059729332226013,2.8660376839009594,2.274667598447178,1.9635355151251124
0.98895994737845605,1.5119271521699071,2.303732233138839,0,1.0451747873742518,2.0282695033425839,0.9628502690510532,1.4167796249678783,2.2429259465592648
1.3963691345329772,1.079865835215736,1.4281607754404879,1.0451747873742518,0,0.98327359828752003,1.4380372984161933,1.0161179630556343,1.3820202903742893
2.2157431045886269,1.4709074139104523,1.0059729332226013,2.0282695033425839,0.98327359828752003,0,2.2549355807805882,1.4341986976638996,0.95804167972006826
1.9515236708023613,2.3110245832953464,2.8660376839009594,0.9628502690510532,1.4380372984161933,2.2549355807805882,0,1.0134327180412017,2.0388190990238129
2.2078297181654634,2.095494059002613,2.274667598447178,1.4167796249678783,1.0161179630556343,1.4341986976638996,1.0134327180412017,0,1.0270593900149878
2.7783717156642824,2.2750458623716052,1.9635355151251124,2.2429259465592648,1.3820202903742893,0.95804167972006826,2.0388190990238129,1.0270593900149878,0
