0,0.99416400267408955,2.0161754489629686,1.0129786150932516,1.4146457520240152,2.2440702035929068,1.9973127308156691,2.2410455415727579,2.830350742624931
0.99416400267408955,0,1.0227564375857554,1.4365191373650483,1.0189000995121709,1.4391241434168749,2.2504579018034088,2.0234413117140573,2.2567602033206788
2.0161754489629686,1.0227564375857554,0,2.2534558698857183,1.4131274039807455,0.98548706981082723,2.8299322856878204,2.2310302238506718,1.9825261705652664
1.0129786150932516,1.4365191373650483,2.2534558698857183,0,1.0061539298452162,2.0130591084787652,0.98434046716669832,1.4136069604169759,2.2377388462757164
1.4146457520240152,1.0189000995121709,1.4131274039807455,1.0061539298452162,0,1.0069665062712025,1.4168546527945551,1.0045477504228315,1.4157053231853263
2.2440702035929068,1.4391241434168749,0.98548706981082723,2.0130591084787652,1.0069665062712025,0,2.2456218980014349,1.4194052052864512,0.99704307946642101
1.9973127308156691,2.2504579018034088,2.8299322856878204,0.98434046716669832,1.4168546527945551,2.2456218980014349,0,1.0078616416527839,2.0087419777231244
2.2410455415727579,2.0234413117140573,2.2310302238506718,1.4136069604169759,1.0045477504228315,1.4194052052864512,1.0078616416527839,0,1.000916197272302
2.830350742624931,2.2567602033206788,1.9825261705652664,2.2377388462757164,1.4157053231853263,0.99704307946642101,2.0087419777231244,1.000916197272302,0
