0,1,2,1,2.2360679774997898,2,2.2360679774997898,2.8284271247461903
1,0,1,1.4142135623730951,1.4142135623730951,2.2360679774997898,2,2.2360679774997898
2,1,0,2.2360679774997898,1,2.8284271247461903,2.2360679774997898,2
1,1.4142135623730951,2.2360679774997898,0,2,1,1.4142135623730951,2.2360679774997898
2.2360679774997898,1.4142135623730951,1,2,0,2.2360679774997898,1.4142135623730951,1
2,2.2360679774997898,2.8284271247461903,1,2.2360679774997898,0,1,2
2.2360679774997898,2,2.2360679774997898,1.4142135623730951,1.4142135623730951,1,0,1
2.8284271247461903,2.2360679774997898,2,2.2360679774997898,1,2,1,0
